letter charge hydrophobicity_index residue_mass occurrence_in_proteins percent_buried_residues van_volume accessible_surface_area ranking_of_amino_acid_polarities
A 0 0.297815711214578 -1.54898279888542 1.19528993671292 0.526720127964224 -1.45289198373883 -1.54553269848046 -0.253546276418555
R 1 -0.742175661280774 1.20855593785574 0.0800092655406213 -1.52613780666557 1.33583433575987 1.52436101767936 0.760638829255665
N 0 -1.00690073791595 -0.154962675206526 -0.210933518243456 -0.985912034394573 -0.454459103918307 -0.148201765607715 0.929669680201368
D -1 -1.51744195714095 -0.123058237662241 0.0800092655406213 -0.742810436872624 -0.626602703887362 -0.190545127209919 1.43676223303848
C 0 0.449087183577539 -0.510039268576659 -1.56866650923582 1.01292332300812 -0.798746303856417 -0.741008828038575 -0.591607978309962
Q 0 -0.666539925099294 0.29951112898757 -0.453385838063521 -1.18579557013484 0.165257855970293 0.444605296823145 1.09870053114707
E -1 -1.06362754005206 0.331415566531855 0.613404369144763 -0.445686262123574 -0.00688574399876232 0.48694865842535 1.26773138209277
G 0 -0.477450584645594 -2.00345336306351 1.00132808085687 0.472697550737124 -2.10703766362124 -2.07482471850801 0.0845154254728517
H 1 -0.326179112282633 0.591449530580972 -1.37470465337977 -0.499708839350674 0.302972735945538 0.465776977624247 -0.0845154254728517
I 0 1.39453388584604 -0.185561386303127 0.22548065743266 1.98532971309592 0.509545055908404 -0.105858404005511 -1.60579308398418
L 0 1.3567160177553 -0.185561386303127 1.97113736013712 0.688787859645524 0.509545055908404 -0.0211716808011022 -1.26773138209277
K 1 -0.912356067689105 0.300917295931231 0.370952049324699 -1.29924298231175 0.888260975840326 0.719837147237473 1.60579308398418
M 0 0.92181053471179 0.398908339811534 -1.08376186959569 1.17499105468942 0.509545055908404 0.465776977624247 -0.929669680201368
F 0 1.41344281989141 0.916598096166343 -0.550366765991547 1.06694590023522 0.888260975840326 0.804523870441882 -1.43676223303848
P 0 -1.34726155073262 -0.705350673025428 0.0315188015766081 -0.229595953215175 -0.661031423881173 -0.910382274447393 0.422577127364258
S 0 -0.571995254872444 -1.03059967910677 1.14679947274891 -0.229595953215175 -1.24631966377596 -0.995068997651801 0.591607978309962
T 0 -0.231634442055783 -0.576125874912678 0.467932977252725 -0.175573375988075 -0.55774526389974 -0.635150424033065 0.253546276418555
W 0 1.3567160177553 2.18139342173248 -1.81111882905588 -0.283618530442275 1.85226513566704 1.75724950649148 -0.760638829255665
Y 0 0.713812260212719 1.43498121594498 -0.841309549775624 -0.823844302713274 1.09483329580319 1.29147252886723 -0.422577127364258
V 0 0.95962840280253 -0.640035190497223 0.710385297072789 1.49912651805202 -0.144600623974007 -0.59280706243086 -1.09870053114707
